[gd_scene load_steps=7 format=2]

[ext_resource path="res://Effects/PixelizerLayer.tscn" type="PackedScene" id=1]
[ext_resource path="res://City.tscn" type="PackedScene" id=2]
[ext_resource path="res://Player/Player.tscn" type="PackedScene" id=3]
[ext_resource path="res://Enemies/Zombie/Zombie.tscn" type="PackedScene" id=4]

[sub_resource type="ProceduralSky" id=1]

[sub_resource type="Environment" id=2]
background_mode = 2
background_sky = SubResource( 1 )

[node name="Main" type="Spatial"]

[node name="PixelizerLayer" parent="." instance=ExtResource( 1 )]

[node name="WorldEnvironment" type="WorldEnvironment" parent="."]
environment = SubResource( 2 )

[node name="City" parent="." instance=ExtResource( 2 )]
transform = Transform( 1, 0, 0, 0, 1, 0, 0, 0, 1, 8, -1, -25 )

[node name="Player" parent="City" instance=ExtResource( 3 )]
transform = Transform( -4.37114e-008, 0, -1, 0, 1, 0, 1, 0, -4.37114e-008, -8, 2, 25 )
Accelaration = 300.0
Maximum_Walk_Speed = 8.0
Jump_Speed = 5.0

[node name="Zombie" parent="City" instance=ExtResource( 4 )]
transform = Transform( -0.939693, 0, -0.34202, 0, 1, 0, 0.34202, 0, -0.939693, 5, 1, 34 )

[node name="Zombie2" parent="City" instance=ExtResource( 4 )]
transform = Transform( -0.173648, 0, -0.984808, 0, 1, 0, 0.984808, 0, -0.173648, 17, 1, 50 )

[node name="Zombie3" parent="City" instance=ExtResource( 4 )]
transform = Transform( -0.939693, 0, 0.34202, 0, 1, 0, -0.34202, 0, -0.939693, 24, 1, 53 )

[node name="Zombie4" parent="City" instance=ExtResource( 4 )]
transform = Transform( 0.996195, 0, 0.0871556, 0, 1, 0, -0.0871556, 0, 0.996195, 22, 1, 49 )

[node name="Zombie5" parent="City" instance=ExtResource( 4 )]
transform = Transform( 0.087156, 0, 0.996195, 0, 1, 0, -0.996195, 0, 0.087156, 20, 1, 52 )

[node name="Zombie6" parent="City" instance=ExtResource( 4 )]
transform = Transform( -0.34202, 0, 0.939693, 0, 1, 0, -0.939693, 0, -0.34202, 20, 1, 56 )

[node name="Zombie7" parent="City" instance=ExtResource( 4 )]
transform = Transform( 0.34202, 0, -0.939693, 0, 1, 0, 0.939693, 0, 0.34202, 29, 1, 49 )

[node name="Zombie8" parent="City" instance=ExtResource( 4 )]
transform = Transform( 0.866025, 0, -0.5, 0, 1, 0, 0.5, 0, 0.866025, 30, 1, 53 )

